0.11851851642131805
0.6074073910713196
0.05925925821065903
0.14074073731899261
0.39259257912635803
0.7259259223937988
0.7037037014961243
0.9037036895751953
0.20000000298023224
0.4592592418193817
0.21481481194496155
0.14074073731899261
0.5999999642372131
0.7111110687255859
0.7185184955596924
0.18518517911434174
0.8888888955116272
0.614814817905426
0.10370370000600815
0.1111111119389534
0.31111109256744385
0.3481481373310089
0.770370364189148
0.05925925821065903
0.7333333492279053
0.2222222238779068
0.20000000298023224
0.614814817905426
0.6740740537643433
0.39259257912635803
0.6888888478279114
0.17777776718139648
0.8296296000480652
0.6444444060325623
0.37037035822868347
0.4444444477558136
0.4888888895511627
0.3777777850627899
0.10370370000600815
0.051851850003004074
0.6296296119689941
0.3185185194015503
0.22962962090969086
0.42222222685813904
0.08148147910833359
0.5111110806465149
0.2222222238779068
0.4000000059604645
0.4148148000240326
0.4000000059604645
0.029629629105329514
0.5629629492759705
0.4296296238899231
0.14074073731899261
0.5111110806465149
0.2074074000120163
0.5925925970077515
0.7851851582527161
0.4444444477558136
0.8296296000480652
0.37037035822868347
0.029629629105329514
0.16296295821666718
0.40740740299224854
0.5111110806465149
0.46666666865348816
0.6814814805984497
0.11851851642131805
0.8518518209457397
0.8074073791503906
0.6074073910713196
0.014814814552664757
0.07407407462596893
0.07407407462596893
0.007407407276332378
0.4148148000240326
0.24444444477558136
0.2222222238779068
0.4000000059604645
0.4592592418193817
0.17777776718139648
0.4444444477558136
0.3333333134651184
0.7185184955596924
0.029629629105329514
0.39259257912635803
0.051851850003004074
0.614814817905426
0.2370370328426361
0.45185184478759766
0.6370370388031006
0.4888888895511627
0.6296296119689941
0.192592591047287
0.940740704536438
0.4592592418193817
0.45185184478759766
0.800000011920929
0.08148147910833359
0.5703703761100769
0.07407407462596893
0.07407407462596893
0.6666666269302368
0.46666666865348816
0.8518518209457397
0.5333333015441895
0.8074073791503906
0.20000000298023224
0.13333332538604736
0.9777777791023254
0.11851851642131805
0.06666666269302368
0.4000000059604645
0.21481481194496155
0.4888888895511627
0.7111110687255859
0.4814814627170563
0.4740740656852722
0.17777776718139648
0.10370370000600815
0.4592592418193817
0.7481481432914734
0.8888888955116272
0.02222222089767456
0.2518518567085266
0.14814814925193787
0.02222222089767456
0.5925925970077515
0.5703703761100769
0.8296296000480652
0.6592592597007751
0.24444444477558136
0.614814817905426
0.43703702092170715
0.3185185194015503
0.6222221851348877
0.5925925970077515
0.5629629492759705
0.5777777433395386
0.6370370388031006
0.25925925374031067
0.17777776718139648
0.16296295821666718
0.614814817905426
0.1111111119389534
0.15555554628372192
0.4814814627170563
0.4962962865829468
0.06666666269302368
0.40740740299224854
0.40740740299224854
0.6222221851348877
0.9111111164093018
0.02222222089767456
0.21481481194496155
0.02222222089767456
0.555555522441864
0.27407407760620117
0.14074073731899261
0.1111111119389534
0.9555555582046509
0.17037037014961243
0.02222222089767456
0.5333333015441895
0.28148147463798523
0.3481481373310089
0.6296296119689941
0.7333333492279053
0.5185185074806213
0.8148148059844971
0.555555522441864
0.6370370388031006
0.04444444179534912
0.8148148059844971
0.614814817905426
0.3629629611968994
0.02222222089767456
0.029629629105329514
0.5925925970077515
0.1259259283542633
0.3629629611968994
0.7037037014961243
0.4814814627170563
0.3185185194015503
0.2370370328426361
0.05925925821065903
0.06666666269302368
0.28148147463798523
0.08148147910833359
0.43703702092170715
0.6740740537643433
0.007407407276332378
0.37037035822868347
0.28148147463798523
0.02222222089767456
0.6740740537643433
0.11851851642131805
0.20000000298023224
0.35555553436279297
0.14074073731899261
0.39259257912635803
0.7555555701255798
0.35555553436279297
0.6888888478279114
0.2074074000120163
0.6666666269302368
0.029629629105329514
0.03703703731298447
0.13333332538604736
0.3777777850627899
0.2666666507720947
0.07407407462596893
0.13333332538604736
0.21481481194496155
0.555555522441864
0.2888888716697693
0.17037037014961243
0.4740740656852722
0.4148148000240326
0.31111109256744385
0.192592591047287
0.7333333492279053
0.6444444060325623
0.3185185194015503
0.2666666507720947
0.9111111164093018
0.8148148059844971
0.8148148059844971
0.8148148059844971
0.4740740656852722
0.27407407760620117
0.17037037014961243
0.7037037014961243
0.15555554628372192
0.6370370388031006
0.6444444060325623
0.8370370268821716
0.03703703731298447
0.7629629373550415
0.28148147463798523
0.8888888955116272
0.6814814805984497
0.3185185194015503
0.6888888478279114
0.9037036895751953
0.2888888716697693
0.6444444060325623
0.029629629105329514
0.7851851582527161
0.2074074000120163
0.5481481552124023
0.06666666269302368
0.35555553436279297
0.3481481373310089
0.17037037014961243
0.32592591643333435
0.3629629611968994
0.5185185074806213
0.6444444060325623
0.4148148000240326
0.7333333492279053
0.4814814627170563
0.192592591047287
0.06666666269302368
0.5777777433395386
0.03703703731298447
0.2370370328426361
0.06666666269302368
0.13333332538604736
0.3481481373310089
0.25925925374031067
0.32592591643333435
0.08888888359069824
0.6962962746620178
0.03703703731298447
0.8592592477798462
0.9259259104728699
0.5999999642372131
0.2666666507720947
0.6296296119689941
0.8370370268821716
0.07407407462596893
0.2666666507720947
0.4000000059604645
0.3777777850627899
0.16296295821666718
0.4148148000240326
0.45185184478759766
0.4296296238899231
0.2222222238779068
0.8222222328186035
0.6370370388031006
0.6222221851348877
0.4592592418193817
0.4814814627170563
0.4962962865829468
0.7629629373550415
0.6592592597007751
0.42222222685813904
0.42222222685813904
0.13333332538604736
0.7333333492279053
0.14074073731899261
0.9481481313705444
0.5481481552124023
0.02222222089767456
0.04444444179534912
0.31111109256744385
0.5629629492759705
0.029629629105329514
0.34074074029922485
0.3185185194015503
0.8666666746139526
0.4000000059604645
0.14074073731899261
0.06666666269302368
0.614814817905426
0.8148148059844971
0.029629629105329514
0.02222222089767456
0.02222222089767456
0.28148147463798523
0.13333332538604736
0.21481481194496155
0.029629629105329514
0.0962962955236435
0.8444444537162781
0.8222222328186035
0.14074073731899261
0.42222222685813904
0.32592591643333435
0.04444444179534912
0.10370370000600815
0.4888888895511627
0.029629629105329514
0.3037036955356598
0.4962962865829468
0.18518517911434174
0.6962962746620178
0.5777777433395386
0.17037037014961243
0.6888888478279114
0.4000000059604645
0.04444444179534912
0.3777777850627899
0.385185182094574
0.3333333134651184
0.7555555701255798
0.35555553436279297
0.4148148000240326
0.6074073910713196
0.5259259343147278
0.5777777433395386
0.385185182094574
0.21481481194496155
0.4740740656852722
0.9851851463317871
0.4888888895511627
0.8148148059844971
0.7259259223937988
0.6962962746620178
0.2888888716697693
0.7037037014961243
0.770370364189148
0.14814814925193787
0.5407407283782959
0.5259259343147278
0.14074073731899261
0.42222222685813904
0.4888888895511627
0.8444444537162781
0.051851850003004074
0.34074074029922485
0.6444444060325623
0.4148148000240326
0.06666666269302368
0.5259259343147278
0.8962962627410889
0.5333333015441895
0.3037036955356598
0.5777777433395386
0.07407407462596893
0.6592592597007751
0.5925925970077515
0.4814814627170563
0.25925925374031067
0.029629629105329514
0.8222222328186035
0.08888888359069824
0.7037037014961243
0.14074073731899261
0.18518517911434174
0.24444444477558136
0.39259257912635803
0.32592591643333435
0.8518518209457397
0.14814814925193787
0.7777777910232544
0.6370370388031006
0.18518517911434174
0.5481481552124023
0.8888888955116272
0.3777777850627899
0.8074073791503906
0.7629629373550415
0.7259259223937988
0.770370364189148
0.7185184955596924
0.192592591047287
0.5629629492759705
0.4592592418193817
0.34074074029922485
0.029629629105329514
0.4962962865829468
0.5185185074806213
0.40740740299224854
0.6962962746620178
0.8518518209457397
0.007407407276332378
0.4296296238899231
0.07407407462596893
0.6740740537643433
0.6370370388031006
0.3777777850627899
0.4592592418193817
0.7407407164573669
0.1259259283542633
0.7185184955596924
0.007407407276332378
0.014814814552664757
0.3037036955356598
0.27407407760620117
0.10370370000600815
0.4296296238899231
0.385185182094574
0.9111111164093018
0.16296295821666718
0.31111109256744385
0.4888888895511627
0.8148148059844971
0.0962962955236435
0.4814814627170563
0.585185170173645
0.39259257912635803
0.08888888359069824
0.4592592418193817
0.11851851642131805
0.4444444477558136
0.7333333492279053
0.6074073910713196
0.7777777910232544
0.5999999642372131
0.7259259223937988
0.8814814686775208
0.2222222238779068
0.3629629611968994
0.7925925850868225
0.8148148059844971
0.6592592597007751
0.8740740418434143
0.5037037134170532
0.29629629850387573
0.5111110806465149
0.2666666507720947
0.24444444477558136
0.3037036955356598
0.16296295821666718
0.8370370268821716
0.5629629492759705
0.3777777850627899
0.051851850003004074
0.6740740537643433
0.5999999642372131
0.25925925374031067
0.43703702092170715
0.6222221851348877
0.8444444537162781
0.8370370268821716
0.8370370268821716
0.6962962746620178
0.4296296238899231
0.029629629105329514
0.06666666269302368
0.0962962955236435
0.08888888359069824
0.6888888478279114
0.05925925821065903
0.18518517911434174
0.2888888716697693
0.27407407760620117
0.10370370000600815
0.6740740537643433
0.43703702092170715
0.02222222089767456
0.8296296000480652
0.385185182094574
0.40740740299224854
0.25925925374031067
0.5333333015441895
0.4740740656852722
0.14814814925193787
0.029629629105329514
0.27407407760620117
0.5703703761100769
0.04444444179534912
0.7037037014961243
0.5259259343147278
0.8666666746139526
0.8592592477798462
0.28148147463798523
0.6592592597007751
0.3629629611968994
0.18518517911434174
0.45185184478759766
0.40740740299224854
0.08888888359069824
0.8518518209457397
0.6666666269302368
0.35555553436279297
0.3037036955356598
0.08148147910833359
0.7333333492279053
0.06666666269302368
0.07407407462596893
0.7851851582527161
0.5333333015441895
0.1259259283542633
0.29629629850387573
0.21481481194496155
0.1259259283542633
0.5999999642372131
0.7925925850868225
0.614814817905426
0.3037036955356598
0.8518518209457397
0.5185185074806213
0.4962962865829468
0.07407407462596893
0.8148148059844971
0.4962962865829468
0.28148147463798523
0.27407407760620117
0.6666666269302368
0.5407407283782959
0.2370370328426361
0.6666666269302368
0.2888888716697693
0.4962962865829468
0.24444444477558136
0.0962962955236435
0.24444444477558136
0.1259259283542633
0.3333333134651184
0.7925925850868225
0.7185184955596924
0.2222222238779068
0.15555554628372192
0.6888888478279114
0.9777777791023254
0.32592591643333435
0.7925925850868225
0.11851851642131805
0.2666666507720947
0.800000011920929
0.40740740299224854
0.14074073731899261
0.45185184478759766
0.3629629611968994
0.051851850003004074
0.08148147910833359
0.8666666746139526
0.14074073731899261
0.1111111119389534
0.5185185074806213
0.6814814805984497
0.06666666269302368
0.6888888478279114
0.6962962746620178
0.8962962627410889
0.5185185074806213
0.5703703761100769
0.014814814552664757
0.9259259104728699
0.8074073791503906
0.6740740537643433
0.555555522441864
0.585185170173645
0.4592592418193817
0.051851850003004074
0.8888888955116272
0.5037037134170532
0.37037035822868347
0.3333333134651184
0.5703703761100769
0.5703703761100769
0.07407407462596893
0.2222222238779068
0.4962962865829468
0.9629629254341125
0.07407407462596893
0.8518518209457397
0.40740740299224854
0.9037036895751953
0.08148147910833359
0.3777777850627899
0.5999999642372131
0.40740740299224854
0.2518518567085266
0.585185170173645
0.9555555582046509
0.6444444060325623
0.970370352268219
0.35555553436279297
0.6814814805984497
0.22962962090969086
0.5629629492759705
0.6814814805984497
0.614814817905426
0.7037037014961243
0.3481481373310089
0.32592591643333435
0.4296296238899231
0.03703703731298447
0.29629629850387573
0.7185184955596924
0.43703702092170715
0.8370370268821716
0.08888888359069824
0.8518518209457397
0.40740740299224854
0.770370364189148
0.14814814925193787
0.25925925374031067
0.03703703731298447
0.614814817905426
0.40740740299224854
0.7407407164573669
0.8518518209457397
0.7185184955596924
0.5703703761100769
0.5925925970077515
0.5333333015441895
0.4148148000240326
0.0962962955236435
0.02222222089767456
0.20000000298023224
0.5629629492759705
0.5037037134170532
0.37037035822868347
0.34074074029922485
0.6444444060325623
0.8592592477798462
0.10370370000600815
0.5629629492759705
0.08148147910833359
0.14814814925193787
0.3037036955356598
0.8148148059844971
0.7481481432914734
0.9185184836387634
0.17777776718139648
0.4740740656852722
0.2222222238779068
0.13333332538604736
0.6222221851348877
0.6740740537643433
0.6888888478279114
0.0962962955236435
0.770370364189148
0.7259259223937988
0.940740704536438
0.08888888359069824
0.385185182094574
0.40740740299224854
0.7555555701255798
0.4888888895511627
0.7555555701255798
0.21481481194496155
0.32592591643333435
0.7851851582527161
0.7185184955596924
0.3481481373310089
0.7407407164573669
0.4296296238899231
0.8518518209457397
0.6666666269302368
0.4444444477558136
0.5999999642372131
0.42222222685813904
0.4000000059604645
0.07407407462596893
0.35555553436279297
0.6666666269302368
0.37037035822868347
0.24444444477558136
0.42222222685813904
0.05925925821065903
0.5185185074806213
0.2666666507720947
0.46666666865348816
0.555555522441864
0.4296296238899231
0.04444444179534912
0.45185184478759766
0.39259257912635803
0.10370370000600815
0.6370370388031006
0.37037035822868347
0.5703703761100769
0.7629629373550415
0.4296296238899231
0.770370364189148
0.25925925374031067
0.17037037014961243
0.2074074000120163
0.4592592418193817
0.4296296238899231
0.4296296238899231
0.5407407283782959
0.08888888359069824
0.7481481432914734
0.8370370268821716
0.6222221851348877
0.014814814552664757
0.029629629105329514
0.15555554628372192
0.007407407276332378
0.4148148000240326
0.24444444477558136
0.25925925374031067
0.4888888895511627
0.5777777433395386
0.2666666507720947
0.6222221851348877
0.4148148000240326
0.6962962746620178
0.08148147910833359
0.3777777850627899
0.014814814552664757
0.6740740537643433
0.22962962090969086
0.4000000059604645
0.6740740537643433
0.4740740656852722
0.614814817905426
0.1111111119389534
0.8370370268821716
0.5333333015441895
0.39259257912635803
0.8814814686775208
0.051851850003004074
0.585185170173645
0.6444444060325623
0.7777777910232544
0.585185170173645
0.4148148000240326
0.8444444537162781
0.5925925970077515
0.770370364189148
0.5037037134170532
0.18518517911434174
0.8222222328186035
0.08888888359069824
0.07407407462596893
0.3481481373310089
0.15555554628372192
0.40740740299224854
0.5629629492759705
0.40740740299224854
0.46666666865348816
0.20000000298023224
0.20000000298023224
0.5777777433395386
0.7777777910232544
0.8222222328186035
0.02222222089767456
0.34074074029922485
0.11851851642131805
0.007407407276332378
0.5481481552124023
0.5999999642372131
0.8444444537162781
0.7481481432914734
0.25925925374031067
0.5333333015441895
0.4962962865829468
0.3629629611968994
0.43703702092170715
0.4444444477558136
0.43703702092170715
0.7555555701255798
0.800000011920929
0.2518518567085266
0.24444444477558136
0.14074073731899261
0.6296296119689941
0.1259259283542633
0.21481481194496155
0.6962962746620178
0.42222222685813904
0.051851850003004074
0.4740740656852722
0.5407407283782959
0.6518518328666687
0.9333333373069763
0.08888888359069824
0.2370370328426361
0.007407407276332378
0.5777777433395386
0.24444444477558136
0.18518517911434174
0.06666666269302368
0.8666666746139526
0.1111111119389534
0.02222222089767456
0.585185170173645
0.2074074000120163
0.3185185194015503
0.5999999642372131
0.8370370268821716
0.4296296238899231
0.800000011920929
0.4592592418193817
0.4888888895511627
0.029629629105329514
0.7925925850868225
0.6592592597007751
0.4888888895511627
0.03703703731298447
0.02222222089767456
0.4444444477558136
0.1259259283542633
0.3333333134651184
0.5777777433395386
0.385185182094574
0.25925925374031067
0.28148147463798523
0.39259257912635803
0.07407407462596893
0.192592591047287
0.10370370000600815
0.42222222685813904
0.585185170173645
0.007407407276332378
0.3629629611968994
0.3777777850627899
0.051851850003004074
0.585185170173645
0.2666666507720947
0.1259259283542633
0.3333333134651184
0.1259259283542633
0.34074074029922485
0.7185184955596924
0.34074074029922485
0.5777777433395386
0.15555554628372192
0.614814817905426
0.08148147910833359
0.05925925821065903
0.08148147910833359
0.4592592418193817
0.4000000059604645
0.1111111119389534
0.17777776718139648
0.3481481373310089
0.7851851582527161
0.3629629611968994
0.22962962090969086
0.5629629492759705
0.4592592418193817
0.24444444477558136
0.29629629850387573
0.8962962627410889
0.7925925850868225
0.3185185194015503
0.21481481194496155
0.8888888955116272
0.770370364189148
0.7925925850868225
0.800000011920929
0.5333333015441895
0.2666666507720947
0.2074074000120163
0.6888888478279114
0.21481481194496155
0.7185184955596924
0.6888888478279114
0.800000011920929
0.24444444477558136
0.6666666269302368
0.28148147463798523
0.9481481313705444
0.8740740418434143
0.2074074000120163
0.7407407164573669
0.9037036895751953
0.2074074000120163
0.6370370388031006
0.06666666269302368
0.7481481432914734
0.2666666507720947
0.7185184955596924
0.1111111119389534
0.35555553436279297
0.2666666507720947
0.24444444477558136
0.21481481194496155
0.2518518567085266
0.37037035822868347
0.6740740537643433
0.5777777433395386
0.8296296000480652
0.5111110806465149
0.4814814627170563
0.40740740299224854
0.614814817905426
0.06666666269302368
0.22962962090969086
0.06666666269302368
0.3185185194015503
0.25925925374031067
0.2888888716697693
0.9481481313705444
0.8518518209457397
0.6074073910713196
0.014814814552664757
0.7111110687255859
0.7851851582527161
0.5333333015441895
0.20000000298023224
0.614814817905426
0.8592592477798462
0.08148147910833359
0.3333333134651184
0.5037037134170532
0.3629629611968994
0.14814814925193787
0.43703702092170715
0.46666666865348816
0.45185184478759766
0.20000000298023224
0.8592592477798462
0.7481481432914734
0.555555522441864
0.5185185074806213
0.4148148000240326
0.43703702092170715
0.7111110687255859
0.8962962627410889
0.40740740299224854
0.39259257912635803
0.192592591047287
0.6592592597007751
0.17037037014961243
0.9111111164093018
0.6370370388031006
0.04444444179534912
0.0962962955236435
0.555555522441864
0.6370370388031006
0.2074074000120163
0.2518518567085266
0.21481481194496155
0.7777777910232544
0.37037035822868347
0.15555554628372192
0.17777776718139648
0.555555522441864
0.8518518209457397
0.03703703731298447
0.029629629105329514
0.14074073731899261
0.4000000059604645
0.16296295821666718
0.29629629850387573
0.014814814552664757
0.06666666269302368
0.8592592477798462
0.7629629373550415
0.42222222685813904
0.555555522441864
0.4888888895511627
0.05925925821065903
0.14814814925193787
0.5407407283782959
0.051851850003004074
0.34074074029922485
0.5629629492759705
0.27407407760620117
0.7333333492279053
0.555555522441864
0.1259259283542633
0.6370370388031006
0.4000000059604645
0.03703703731298447
0.4888888895511627
0.4592592418193817
0.43703702092170715
0.8074073791503906
0.29629629850387573
0.43703702092170715
0.4740740656852722
0.4888888895511627
0.5111110806465149
0.39259257912635803
0.20000000298023224
0.34074074029922485
0.7481481432914734
0.37037035822868347
0.6370370388031006
0.5185185074806213
0.4740740656852722
0.2074074000120163
0.6444444060325623
0.6666666269302368
0.11851851642131805
0.4444444477558136
0.39259257912635803
0.06666666269302368
0.17777776718139648
0.3481481373310089
0.6666666269302368
0.007407407276332378
0.15555554628372192
0.6370370388031006
0.4592592418193817
0.02222222089767456
0.6370370388031006
0.6592592597007751
0.39259257912635803
0.17777776718139648
0.46666666865348816
0.05925925821065903
0.8296296000480652
0.6814814805984497
0.614814817905426
0.2888888716697693
0.1111111119389534
0.8148148059844971
0.08148147910833359
0.7777777910232544
0.39259257912635803
0.20000000298023224
0.37037035822868347
0.5703703761100769
0.32592591643333435
0.800000011920929
0.14074073731899261
0.7037037014961243
0.7111110687255859
0.18518517911434174
0.5037037134170532
0.8518518209457397
0.32592591643333435
0.8370370268821716
0.7259259223937988
0.7481481432914734
0.6962962746620178
0.6888888478279114
0.2222222238779068
0.5407407283782959
0.4296296238899231
0.32592591643333435
0.08148147910833359
0.4962962865829468
0.385185182094574
0.2518518567085266
0.6444444060325623
0.5925925970077515
0.007407407276332378
0.43703702092170715
0.03703703731298447
0.6074073910713196
0.614814817905426
0.42222222685813904
0.4814814627170563
0.5185185074806213
0.08888888359069824
0.5629629492759705
0.014814814552664757
0.03703703731298447
0.31111109256744385
0.22962962090969086
0.1259259283542633
0.385185182094574
0.31111109256744385
0.9111111164093018
0.14074073731899261
0.28148147463798523
0.5333333015441895
0.7185184955596924
0.16296295821666718
0.585185170173645
0.7185184955596924
0.35555553436279297
0.051851850003004074
0.4296296238899231
0.10370370000600815
0.39259257912635803
0.6222221851348877
0.614814817905426
0.7037037014961243
0.7185184955596924
0.7777777910232544
0.7777777910232544
0.2518518567085266
0.29629629850387573
0.800000011920929
0.8074073791503906
0.6296296119689941
0.9185184836387634
0.585185170173645
0.37037035822868347
0.39259257912635803
0.21481481194496155
0.21481481194496155
0.21481481194496155
0.1259259283542633
0.7407407164573669
0.4962962865829468
0.3481481373310089
0.08148147910833359
0.8518518209457397
0.7333333492279053
0.35555553436279297
0.5777777433395386
0.770370364189148
0.8148148059844971
0.770370364189148
0.7925925850868225
0.8370370268821716
0.42222222685813904
0.051851850003004074
0.1111111119389534
0.08148147910833359
0.08148147910833359
0.614814817905426
0.07407407462596893
0.17037037014961243
0.3185185194015503
0.25925925374031067
0.08148147910833359
0.555555522441864
0.45185184478759766
0.02222222089767456
0.8518518209457397
0.4592592418193817
0.37037035822868347
0.22962962090969086
0.5037037134170532
0.4740740656852722
0.18518517911434174
0.014814814552664757
0.2074074000120163
0.5259259343147278
0.06666666269302368
0.7481481432914734
0.45185184478759766
0.7629629373550415
0.8296296000480652
0.3185185194015503
0.5999999642372131
0.4148148000240326
0.17037037014961243
0.555555522441864
0.2518518567085266
0.970370352268219
0.8296296000480652
0.5999999642372131
0.3037036955356598
0.32592591643333435
0.08148147910833359
0.6814814805984497
0.07407407462596893
0.7925925850868225
0.6074073910713196
0.46666666865348816
0.11851851642131805
0.3629629611968994
0.32592591643333435
0.05925925821065903
0.5259259343147278
0.8296296000480652
0.6296296119689941
0.27407407760620117
0.7111110687255859
0.4888888895511627
0.4740740656852722
0.5777777433395386
0.7259259223937988
0.42222222685813904
0.32592591643333435
0.28148147463798523
0.8518518209457397
0.5777777433395386
0.16296295821666718
0.7777777910232544
0.3037036955356598
0.6296296119689941
0.24444444477558136
0.24444444477558136
0.29629629850387573
0.14074073731899261
0.31111109256744385
0.7111110687255859
0.6592592597007751
0.2222222238779068
0.192592591047287
0.585185170173645
0.9111111164093018
0.4592592418193817
0.7037037014961243
0.0962962955236435
0.2518518567085266
0.9111111164093018
0.40740740299224854
0.3185185194015503
0.4000000059604645
0.32592591643333435
0.04444444179534912
0.05925925821065903
0.9259259104728699
0.16296295821666718
0.14074073731899261
0.40740740299224854
0.5481481552124023
0.5777777433395386
0.770370364189148
0.7629629373550415
0.9037036895751953
0.40740740299224854
0.6592592597007751
0.1111111119389534
0.8074073791503906
0.7185184955596924
0.8740740418434143
0.7851851582527161
0.8222222328186035
0.5629629492759705
0.04444444179534912
0.8888888955116272
0.4148148000240326
0.37037035822868347
0.5777777433395386
0.6074073910713196
0.5333333015441895
0.5259259343147278
0.14814814925193787
0.28148147463798523
0.6740740537643433
0.051851850003004074
0.6074073910713196
0.24444444477558136
0.6666666269302368
0.029629629105329514
0.4814814627170563
0.5703703761100769
0.4000000059604645
0.20000000298023224
0.5259259343147278
0.8740740418434143
0.5407407283782959
0.9111111164093018
0.4296296238899231
0.8370370268821716
0.28148147463798523
0.5259259343147278
0.7555555701255798
0.6962962746620178
0.770370364189148
0.4296296238899231
0.5481481552124023
0.5333333015441895
0.029629629105329514
0.4444444477558136
0.7777777910232544
0.4148148000240326
0.7851851582527161
0.7185184955596924
0.8814814686775208
0.37037035822868347
0.7925925850868225
0.17037037014961243
0.2888888716697693
0.17037037014961243
0.46666666865348816
0.31111109256744385
0.7037037014961243
0.8888888955116272
0.614814817905426
0.5481481552124023
0.6222221851348877
0.555555522441864
0.6666666269302368
0.14814814925193787
0.029629629105329514
0.25925925374031067
0.800000011920929
0.5481481552124023
0.4444444477558136
0.3629629611968994
0.5925925970077515
0.8518518209457397
